              precision    recall  f1-score   support

           1       0.88      0.88      0.88       233
           2       0.97      0.94      0.96       219
           3       0.97      0.95      0.96       235
           4       0.94      0.88      0.91       252
           5       0.95      0.95      0.95       225
           6       0.96      0.95      0.95       220
           7       0.83      0.81      0.82       248
           8       0.93      0.96      0.94       226
           9       0.74      0.74      0.74       219
          10       0.96      0.94      0.95       226
          11       0.99      0.92      0.95       238
          12       0.74      0.77      0.75       210
          13       0.97      0.97      0.97       229
          14       0.94      0.91      0.92       248
          15       0.90      0.98      0.93       255
          16       0.98      0.96      0.97       235
          17       0.76      0.85      0.80       236
          18       0.94      0.91      0.92       221
          19       0.99      0.98      0.98       231
          20       0.94      0.96      0.95       231
          21       0.94      0.94      0.94       230
          22       0.95      0.88      0.92       233
          23       0.97      0.96      0.97       238
          24       0.96      0.94      0.95       222
          25       0.86      0.95      0.90       216
          26       0.97      0.99      0.98       224

    accuracy                           0.92      6000
   macro avg       0.92      0.92      0.92      6000
weighted avg       0.92      0.92      0.92      6000

              precision    recall  f1-score   support

           1       1.00      0.50      0.67         2
           2       0.67      1.00      0.80         2
           3       1.00      1.00      1.00         2
           4       1.00      1.00      1.00         2
           5       1.00      0.50      0.67         2
           6       1.00      0.50      0.67         2
           7       0.67      1.00      0.80         2
           8       1.00      1.00      1.00         2
           9       1.00      1.00      1.00         2
          10       1.00      0.00      0.00         2
          11       1.00      1.00      1.00         2
          12       1.00      0.50      0.67         2
          13       1.00      1.00      1.00         2
          14       1.00      1.00      1.00         2
          15       1.00      1.00      1.00         2
          16       1.00      1.00      1.00         2
          17       0.50      1.00      0.67         2
          18       1.00      0.50      0.67         2
          19       0.67      1.00      0.80         2
          20       0.67      1.00      0.80         2
          21       1.00      1.00      1.00         2
          22       1.00      0.50      0.67         2
          23       1.00      1.00      1.00         2
          24       1.00      1.00      1.00         2
          25       0.50      1.00      0.67         2
          26       1.00      1.00      1.00         2

    accuracy                           0.85        52
   macro avg       0.91      0.85      0.83        52
weighted avg       0.91      0.85      0.83        52

              precision    recall  f1-score   support

           1       1.00      0.00      0.00         2
           2       1.00      0.50      0.67         2
           3       1.00      1.00      1.00         2
           4       1.00      1.00      1.00         2
           5       1.00      1.00      1.00         2
           6       1.00      1.00      1.00         2
           7       0.50      0.50      0.50         2
           8       0.67      1.00      0.80         2
           9       0.50      0.50      0.50         2
          10       1.00      1.00      1.00         2
          11       1.00      0.50      0.67         2
          12       0.67      1.00      0.80         2
          13       1.00      1.00      1.00         2
          14       1.00      1.00      1.00         2
          15       1.00      1.00      1.00         2
          16       1.00      1.00      1.00         2
          17       0.40      1.00      0.57         2
          18       1.00      1.00      1.00         2
          19       1.00      1.00      1.00         2
          20       1.00      1.00      1.00         2
          21       1.00      1.00      1.00         2
          22       1.00      1.00      1.00         2
          23       1.00      1.00      1.00         2
          24       1.00      1.00      1.00         2
          25       1.00      1.00      1.00         2
          26       1.00      0.50      0.67         2

    accuracy                           0.87        52
   macro avg       0.91      0.87      0.85        52
weighted avg       0.91      0.87      0.85        52

